16

4
10 10 0
4 1 4 1
732 0
0 32
-732 0
0 -32
30 1
1 5
17 0.12903225806
1 0.38709677418 
11 0.12903225806

4
10 10 0.624
4 1 4 1
732 0
0 32
-732 0
0 -32
30 1
1 5
14 0.12903225806
1 0.38709677418 
14 0.12903225806

4
10 10 1.25
4 1 4 1
732 0
0 32
-732 0
0 -32
30 1
1 5
17 0.12903225806
1 0.38709677418 
11 0.12903225806

4
10 10 1.875
4 1 4 1
732 0
0 32
-732 0
0 -32
30 1
1 5
17 0.12903225806
1 0.38709677418 
11 0.12903225806

4
10 10 2.5
4 1 4 1
732 0
0 32
-732 0
0 -32
30 1
1 5
21 0.12903225806
1 0.38709677418 
7 0.12903225806

4
10 10 3.125
4 1 4 1
732 0
0 32
-732 0
0 -32
30 1
1 5
16 0.12903225806
1 0.38709677418 
12 0.12903225806

4
10 10 3.75
4 1 4 1
732 0
0 32
-732 0
0 -32
30 1
1 5
15 0.12903225806
1 0.38709677418 
13 0.12903225806

4
10 10 4.375
4 1 4 1
732 0
0 32
-732 0
0 -32
30 1
1 5
12 0.12903225806
1 0.38709677418 
16 0.12903225806

4
10 10 5.0
4 1 4 1
732 0
0 32
-732 0
0 -32
30 1
1 5
7 0.12903225806
1 0.38709677418 
21 0.12903225806

4
10 10 5.625
4 1 4 1
732 0
0 32
-732 0
0 -32
30 1
1 5
9 0.12903225806
1 0.38709677418 
19 0.12903225806

4
10 10 6.25
4 1 4 1
732 0
0 32
-732 0
0 -32
30 1
1 5
14 0.12903225806
1 0.38709677418 
14 0.12903225806

4
10 10 6.875
4 1 4 1
732 0
0 32
-732 0
0 -32
30 1
1 5
17 0.12903225806
1 0.38709677418 
11 0.12903225806

4
10 10 7.5
4 1 4 1
732 0
0 32
-732 0
0 -32
30 1
1 5
15 0.12903225806
1 0.38709677418 
13 0.12903225806

4
10 10 8.125
4 1 4 1
732 0
0 32
-732 0
0 -32
30 1
1 5
12 0.12903225806
1 0.38709677418 
16 0.12903225806

4
10 10 8.75
4 1 4 1
732 0
0 32
-732 0
0 -32
30 1
1 5
13 0.12903225806
1 0.38709677418 
15 0.12903225806


4
10 10 9.375
4 1 4 1
732 0
0 32
-732 0
0 -32
30 1
1 5
17 0.12903225806
1 0.38709677418 
11 0.12903225806
